# oST version 5.0 parameters


[image]

width
640

height
480

[narrow_stereo]

camera matrix
637.516239 0.000000 317.660746
0.000000 638.206736 225.529342
0.000000 0.000000 1.000000

distortion
0.063204 -0.292048 0.001874 0.002631 0.000000

rectification
1.000000 0.000000 0.000000
0.000000 1.000000 0.000000
0.000000 0.000000 1.000000

projection
635.819885 0.000000 318.888161 0.000000
0.000000 640.459167 225.938484 0.000000
0.000000 0.000000 1.000000 0.000000
